174
701
852
1299
1421
1442
1680
2497
2510
2516
2518
2519
2527
2588
2609
2914
3188
3214
3216
3223
3257
3267
3281
3327
3356
3462
3561
3700
3722
3786
3790
3842
4250
4323
4685
4694
4713
4721
4725
4739
4766
4785
4808
4812
4851
5041
5089
5384
5504
5577
5626
6147
6188
6364
6428
6450
6640
6677
6697
6718
6724
6830
6866
6870
6939
7040
7195
7203
7349
7489
7506
7552
7595
7598
7629
7656
7679
7684
7718
7850
7922
7979
8075
8100
8151
8167
8280
8285
8416
8455
8473
8477
8551
8556
8560
8708
8972
9008
9009
9116
9166
9186
9198
9290
9297
9304
9318
9335
9351
9370
9412
9488
9534
9569
9595
9617
9667
9756
9762
9770
9808
9823
9824
9925
9931
9943
10002
10175
10200
10207
10297
10318
10439
10474
10532
10765
10796
10908
10929
11042
11230
11235
11274
11282
11425
11588
11831
11878
11976
11990
12179
12182
12212
12361
12389
12400
12578
12586
12617
12663
12874
12876
12989
13046
13124
13209
13213
13287
13332
13335
13354
13647
13737
13739
13768
13789
13851
13909
13926
13955
14061
14120
14127
14141
14160
14230
14244
14384
14415
14442
14567
14576
14586
14618
14636
14670
14708
14745
14935
14986
14987
14992
15003
15072
15083
15149
15169
15189
15395
15497
15510
15626
15734
15919
16089
16125
16247
16262
16276
16284
16302
16397
16509
16535
16628
16862
16973
17019
17139
17216
17393
17439
17506
17511
17552
17573
17669
17676
17819
17839
17858
17881
17882
17918
17920
17961
17971
18046
18120
18126
18129
18403
18450
18570
18747
18779
18881
18978
18984
19084
19133
19148
19234
19237
19318
19437
19531
19624
19844
19871
19969
19994
20021
20068
20115
20150
20248
20264
20278
20401
20448
20450
20454
20473
20521
20598
20692
20738
20773
20836
20845
20853
20860
21003
21100
21159
21217
21299
21321
21472
21554
21581
21679
21859
22152
22241
22363
22400
22411
22552
22558
22611
22720
22781
22903
23033
23052
23108
23201
23273
23342
23352
23470
23535
23584
23700
23881
23884
23930
23969
24068
24085
24138
24220
24381
24466
24482
24549
24558
24611
24679
24725
24768
24806
24851
24875
24931
24940
24958
24961
24971
24997
25048
25108
25128
25163
25229
25260
25369
25379
25512
25532
25642
25653
25780
25820
25897
25926
26277
26481
26484
26832
26978
27175
27223
27229
27257
27310
27357
27411
27589
27597
27640
27901
27956
27988
28099
28110
28216
28333
28717
28747
28753
28855
28997
29049
29066
29067
29073
29075
29097
29119
29140
29141
29182
29278
29302
29311
29331
29354
29424
29452
29465
29485
29550
29691
29713
29748
29791
29802
29838
29854
29869
29883
29889
30083
30094
30152
30176
30235
30475
30633
30693
30736
30781
30849
30860
30900
30998
31034
31103
31122
31240
31245
31472
31590
31659
31698
31798
31863
31981
32087
32097
32181
32244
32275
32306
32338
32374
32400
32475
32489
32613
32647
32740
32748
32751
32780
32875
32881
32890
32911
33070
33083
33182
33251
33260
33302
33322
33330
33387
33438
33480
33552
33569
33724
33785
33876
33891
33983
34081
34305
34343
34432
34541
34649
34665
34702
34745
34779
34888
34971
34989
35017
35278
35295
35366
35415
35467
35470
35662
35753
35758
35908
35913
35914
35916
35974
36024
36114
36236
36290
36351
36352
36408
36536
36542
36666
36791
36873
36887
36920
36947
36970
37018
37088
37153
37170
37209
37230
37248
37269
37280
37308
37347
37349
37377
37472
37506
37521
37540
37560
37611
37643
37661
37684
37692
37705
37714
37963
38001
38107
38121
38195
38279
38478
38731
38894
39020
39122
39324
39326
39351
39392
39451
39458
39572
39608
39651
39701
39704
39756
39783
39798
39819
39839
39845
40028
40156
40244
40281
40374
40438
40539
40676
40715
40728
40819
40824
40861
41000
41011
41018
41062
41075
41079
41146
41204
41281
41369
41427
41562
41564
41653
41665
41828
42120
42159
42160
42210
42237
42244
42311
42331
42399
42400
42418
42442
42465
42473
42607
42612
42622
42632
42655
42695
42699
42705
42708
42730
42776
42831
42910
42926
42975
42994
43021
43146
43198
43289
43317
43350
43472
43513
43541
43578
43620
43945
43948
44050
44066
44398
44632
44709
44812
44901
45045
45090
45102
45146
45152
45179
45187
45201
45382
45413
45470
45481
45486
45577
45629
45650
45671
45693
45731
45785
45815
45839
45887
45899
45945
46015
46177
46260
46261
46407
46430
46433
46475
46562
46573
46664
46805
46816
46844
46873
46945
47099
47143
47161
47172
47205
47328
47381
47385
47447
47521
47536
47549
47577
47583
47588
47625
47692
47787
47810
47869
48011
48031
48093
48446
48496
48812
48825
48854
48894
48896
48910
49313
49335
49349
49367
49453
49485
49505
49532
49544
49693
49770
49815
49834
49949
49981
50113
50297
50304
50340
50465
50520
50599
50608
50613
50655
50673
50837
50840
50872
50915
50926
50968
50979
50986
51050
51109
51159
51167
51191
51241
51248
51290
51294
51395
51430
51659
51698
51731
51747
51765
51815
51852
51975
52030
52048
52148
52173
52201
52219
52236
52270
52284
52321
52335
52347
52423
52465
52469
52674
52925
53013
53055
53057
53101
53221
53225
53281
53332
53340
53342
53356
53370
53559
53589
53597
53667
53755
53850
53889
53914
53918
53999
54046
54104
54133
54203
54290
54334
54455
54489
54500
54527
54540
54555
54561
54614
54641
54643
54817
54825
54839
55051
55081
55225
55229
55286
55293
55392
55536
55720
55761
55789
55799
55933
55967
56050
56067
56106
56110
56140
56158
56202
56309
56322
56378
56617
56630
56655
56704
56732
56740
56784
56799
56934
57043
57127
57169
57172
57230
57286
57345
57363
57367
57669
57682
57752
57773
57814
57858
57879
58065
58073
58113
58224
58305
58477
58640
58667
58797
58922
58936
58940
58955
59103
59127
59135
59253
59279
59349
59432
59504
59554
59564
59615
59632
59677
59684
59705
59729
59741
59764
59791
59795
59816
59854
59895
59898
59900
59939
60011
60068
60117
60118
60140
60144
60311
60404
60458
60476
60485
60505
60558
60567
60739
60781
60800
61046
61102
61107
61133
61138
61147
61157
61173
61272
61280
61317
61412
61440
61493
62026
62049
62071
62082
62088
62214
62217
62240
62282
62296
62310
62370
62468
62471
62540
62563
62567
62605
62651
62744
62756
62838
62874
62899
62904
63008
63018
63023
63119
63128
63129
63199
63213
63410
63452
63473
63734
63916
63930
63949
63997
64022
64056
64200
64245
64249
64435
64439
64484
131090
131207
131428
131775
132070
132071
132198
132225
132335
132372
132425
132509
132597
132692
132717
132779
132816
132869
133120
133143
133159
133229
133295
133296
133393
133398
133448
133480
133481
133694
133752
133932
134094
134166
134450
134451
134512
134522
135822
136258
136375
136525
136557
136620
136988
137373
137409
137445
138062
138372
139884
196645
196678
196745
196827
197155
197216
197328
197372
197395
197439
197595
197648
197706
197726
197902
197914
198047
198153
198156
198171
198203
198310
198313
198347
198371
198385
198414
198432
198605
198651
198968
199081
199129
199159
199213
199246
199364
199481
199524
199558
199653
199733
199847
199883
199984
199990
199997
200000
200019
200039
200052
200147
200185
200532
200651
200698
200709
200740
200761
200851
200899
200904
201011
201057
201094
201200
201213
201449
201525
201553
201597
201630
201634
201670
201702
201709
201862
201924
201983
202015
202023
202053
202118
202242
202422
202425
202759
202836
202914
203020
203226
203380
203523
203629
203833
203999
204196
204287
204957
205016
205053
205119
205206
205399
205544
205727
205950
206092
206264
206446
206638
206804
206898
207134
208450
208673
209150
209181
209807
209854
210138
210273
262170
262287
262448
262603
262978
262990
263032
263093
263237
263511
263702
263812
268581
269070
327705
327784
327813
327942
328035
393238
393326
393423
393442
393886
394256
394330
394380
394601
394625
394695
394727
395089
395111
395954
395978
396190
396356
396362
396507
397086
397131
397373
397384
397423
397540
