81
209
721
812
2386
3186
3269
3561
3910
4538
4565
4808
5384
6939
7018
7029
7124
7256
7296
7393
7497
7545
7619
7837
9002
9145
9286
9697
9749
10037
10494
11290
11915
11969
11993
12232
12281
12684
13536
13583
14076
14428
14454
14545
14552
14669
14992
15040
15084
15270
15830
15964
17054
17184
17747
18501
18530
18747
18885
19606
19832
20454
21682
21859
22150
22338
22384
22613
22625
22769
23474
23475
23498
24000
25019
25568
26415
26484
26599
26643
26754
26883
27652
29278
29763
29791
30689
30827
31798
32152
32421
32436
32475
32477
32514
33020
33052
33070
33132
36114
36351
36706
36900
36983
37149
37200
37284
37382
37385
37434
37448
38186
38713
38803
40034
40329
45154
50955
51113
51375
53358
54041
54209
54231
54290
54600
54730
55480
55827
55933
56096
58330
58944
62485
62702
63301
64096
64535
65501
65521
65531
65534
131284
132116
132165
132422
133318
133495
133926
134995
135223
135754
135795
136038
136384
136525
136800
137085
137428
137443
137951
137978
139043
198247
198381
198394
198504
198949
209484
270623
328013
328096
328166
393588
393612
394039
394094
394402
394862
395532
396521
